FIP,County,_0to9,_10to19,_20to29,_30to39,_40to49,_50to59,_60to69,_70to79,_80up,POPSIZE
13001,"Appling County, Georgia",0.13454390995009027,0.1306679409578422,0.1202612296909844,0.11388977381331634,0.11850907932462568,0.12918126791971965,0.1213762344695763,0.07672294786025273,0.054847616013592435,18834.0
13003,"Atkinson County, Georgia",0.14335122242098985,0.140608228980322,0.1347644603458557,0.12021466905187835,0.12939773404889685,0.12605843768634467,0.10399522957662492,0.06511627906976744,0.03649373881932021,8385.0
13005,"Bacon County, Georgia",0.13368606701940036,0.1390652557319224,0.12548500881834215,0.117989417989418,0.13139329805996472,0.11631393298059965,0.12028218694885362,0.068342151675485,0.047442680776014115,11340.0
13007,"Baker County, Georgia",0.09689557855126997,0.10849796174349326,0.11257447475697713,0.09689557855126997,0.11037942928817812,0.1480087801818752,0.15459391658827218,0.08874255252430227,0.08341172781436187,3189.0
13009,"Baldwin County, Georgia",0.09756793537907722,0.1488651828438474,0.1829096975284253,0.10696255322885112,0.1038236972650248,0.12450063655120945,0.11488651828438474,0.07008648316431801,0.05039729575486193,45558.0
13011,"Banks County, Georgia",0.11372854914196567,0.13031721268850754,0.11539261570462818,0.11648465938637545,0.13161726469058765,0.14113364534581382,0.12230889235569425,0.08569942797711909,0.04331773270930837,19230.0
13013,"Barrow County, Georgia",0.13866327429298367,0.13948282610822976,0.1288408846266758,0.14720129171151775,0.13358694588511594,0.12429053723456307,0.09630345434974068,0.05631666503571778,0.03531412075545552,81752.0
13015,"Bartow County, Georgia",0.1271698288259034,0.13339518485874655,0.13026859024910706,0.12658533191074825,0.13158602774040914,0.13973187363733358,0.10693510228696017,0.06446165978568448,0.039866400705107385,107785.0
13017,"Ben Hill County, Georgia",0.13075797483172374,0.1346795434591747,0.1160667251975417,0.11793971319871233,0.11524729294702955,0.12748024582967515,0.12496341820310215,0.07837284167398302,0.05449224465905765,17085.0
13019,"Berrien County, Georgia",0.12248852626211115,0.13656297807241202,0.115859255481897,0.1172870984191739,0.12141764405915348,0.13773584905660374,0.1138194798572157,0.07812340642529322,0.05670576236613972,19610.0
13021,"Bibb County, Georgia",0.13526666068245646,0.1347473167228755,0.14394162830360466,0.12150083992665067,0.11122295885000576,0.12169318954131028,0.1109664926971263,0.06562327686803535,0.05503763640793506,155966.0
13023,"Bleckley County, Georgia",0.10658855751673768,0.1559646987218503,0.14097687157638467,0.10544735240413876,0.11138161898965307,0.13253195374315274,0.1027084601339014,0.07455873402312843,0.06984175289105295,13144.0
13025,"Brantley County, Georgia",0.123056859676578,0.13088158581116327,0.12050078247261345,0.11314553990610328,0.1299947835159103,0.14194053208137716,0.11966614501825767,0.07209181011997913,0.04872196139801774,19170.0
13027,"Brooks County, Georgia",0.11896453270731552,0.11445974240213184,0.11052598185394327,0.10944737009073027,0.11541145866379035,0.14840428906795253,0.1348899181524015,0.09269716388554024,0.0551995431761944,15761.0
13029,"Bryan County, Georgia",0.1563807395473326,0.15762804355169815,0.11480393940181377,0.15887534755606372,0.1382948314840319,0.11298495439544735,0.08437491879531221,0.046098277161343966,0.030558948106956318,38483.0
13031,"Bulloch County, Georgia",0.1107982542587639,0.16169864205905315,0.2328849525808557,0.1191302010674107,0.10107125030396888,0.1011608411298683,0.08850293729922055,0.050644414012005166,0.034108507288853625,78133.0
13033,"Burke County, Georgia",0.13733679166483492,0.1421725941882446,0.1201477117861696,0.11425682507583418,0.11605926056183233,0.13377588253396053,0.12375258275816592,0.06739350243988218,0.04510484899107575,22747.0
13035,"Butts County, Georgia",0.114314762098414,0.11297275315168767,0.14672631150874338,0.13212688084587232,0.12952419682797886,0.1368442456283042,0.10971939812932087,0.07019113460756406,0.04758031720211468,24590.0
13037,"Calhoun County, Georgia",0.08620159803318991,0.10341118623232944,0.1442839582052858,0.15196681007990165,0.14889366933005532,0.12753534111862325,0.10617701290719114,0.06484326982175784,0.06668715427166565,6508.0
13039,"Camden County, Georgia",0.14068637394655795,0.12556475556457114,0.1790620908403563,0.13544913050694304,0.10354620392055618,0.11715566046434435,0.09906504140004058,0.06507828203662383,0.03439246132000664,54227.0
13043,"Candler County, Georgia",0.12861035422343325,0.13987284287011809,0.11752951861943688,0.11253405994550407,0.1184377838328792,0.12752043596730245,0.12070844686648502,0.0854677565849228,0.049318801089918256,11010.0
13045,"Carroll County, Georgia",0.12618956030171766,0.14604204646184207,0.15975648508972926,0.12340486026325033,0.12223411550233312,0.12113863290461775,0.10007358967068622,0.06133030054690505,0.039830409258918564,119582.0
13047,"Catoosa County, Georgia",0.114265312367934,0.13331195989565878,0.1138572740123286,0.1187683070780082,0.133501406275047,0.1330642223226126,0.11666982410632315,0.07953833374622929,0.057023360195858415,68621.0
13049,"Charlton County, Georgia",0.105183388905729,0.10578963322218854,0.15603213094877236,0.14004243710215214,0.12875113670809335,0.13344953016065475,0.10268263110033343,0.07426492876629281,0.053804183085783566,13196.0
13051,"Chatham County, Georgia",0.1186445858834238,0.12132430357907036,0.16199216123137952,0.1412778415536249,0.11181453228906987,0.11812154846247375,0.10823138632087327,0.06639858168553904,0.05219505899454547,294434.0
13053,"Chattahoochee County, Georgia",0.14977194452201434,0.12268453876943125,0.3736386484222285,0.1540538024760309,0.07288466908684725,0.05287163734524807,0.03425486363213255,0.02187470911291073,0.017965186633156473,10743.0
13055,"Chattooga County, Georgia",0.11727516990674886,0.12438754544017702,0.12545440177019124,0.11822348664453927,0.12434803224276908,0.13090722301248614,0.1220562667931089,0.07645803698435277,0.06088983720562668,25308.0
13057,"Cherokee County, Georgia",0.1237429678223122,0.14197115103852367,0.11365556442350742,0.12764400147943392,0.14714527651787973,0.13970138794261353,0.10640633820638104,0.06535983336902143,0.03437347920032703,256855.0
13059,"Clarke County, Georgia",0.10038241659362224,0.14103648083650722,0.2783263650255591,0.13118518116307393,0.09692282631460553,0.08741283151174786,0.08265783411031905,0.046270080749629613,0.035805983694935505,128917.0
13061,"Clay County, Georgia",0.10306500505220613,0.113506231054227,0.09397103401818796,0.1060963287302122,0.0906028965981812,0.1199056921522398,0.16436510609632873,0.12091613337824185,0.08757157292017513,2969.0
13063,"Clayton County, Georgia",0.1523486410368119,0.1522217152815179,0.15477738251649178,0.1391346407829604,0.12913494952128407,0.1230459436929906,0.08826142589079583,0.03979980034921735,0.021275500927930183,291509.0
13065,"Clinch County, Georgia",0.13748513674197385,0.13585017835909632,0.1270808561236623,0.11920332936979786,0.12009512485136742,0.12544589774078474,0.11637931034482757,0.07714030915576695,0.04131985731272295,6728.0
13067,"Cobb County, Georgia",0.12428229868127075,0.13411890370103408,0.13707001578714387,0.14222140391975588,0.1410357358780799,0.13369321231162176,0.09852274641459467,0.05360185841713317,0.035453824889365944,765813.0
13069,"Coffee County, Georgia",0.13503047523028275,0.13377022134640942,0.14699143027358966,0.13230374409972046,0.12730855597818616,0.12400898217313595,0.09972045277484992,0.06140873470510059,0.039457403418725084,43642.0
13071,"Colquitt County, Georgia",0.14052456753375608,0.14011474914800914,0.12723782408006554,0.1257926750355895,0.12193175445407878,0.1205944523532203,0.1046546740865364,0.06833182347612267,0.05081747983262155,46362.0
13073,"Columbia County, Georgia",0.132660764093247,0.1401967808797564,0.1232055579723125,0.14425266767317485,0.1320594181017938,0.12523989866680313,0.103904910565777,0.05836254765986847,0.04011745438726682,156316.0
13075,"Cook County, Georgia",0.12904521459719992,0.1408652742712876,0.12204498508147807,0.12072526968097315,0.12336470048198303,0.12829928850126235,0.11177415652972228,0.07252696809731468,0.051354142758778976,17428.0
13077,"Coweta County, Georgia",0.12430952332540345,0.141341846105881,0.11863660085534385,0.12644449414746886,0.13913232074717202,0.14412069701714075,0.10403068935835656,0.06425923290159477,0.03772459554163871,147543.0
13079,"Crawford County, Georgia",0.10237293570626904,0.11896745230078565,0.11215327881994548,0.1105499438832772,0.11864678531345198,0.16402116402116398,0.13932980599647266,0.0890652557319224,0.044893378226711564,12474.0
13081,"Crisp County, Georgia",0.12503784438389345,0.1322607153669824,0.11630119804506725,0.11340339950694175,0.11175987197785564,0.12867090523766272,0.12733013277972405,0.07724579386704727,0.06799013883482548,23121.0
13083,"Dade County, Georgia",0.10065288356909684,0.12537782613952364,0.13861685406843188,0.10403820577922863,0.1195139644541168,0.1307580703663402,0.13529198404062387,0.08499576834723734,0.0607544432354008,16542.0
13085,"Dawson County, Georgia",0.105275581258114,0.11896612769975215,0.11393052441087376,0.11192415122546127,0.12592942287265432,0.1436720563358118,0.1347417286281915,0.09890239584562728,0.046658011723513915,25419.0
13087,"Decatur County, Georgia",0.13289245206339825,0.13300328813684562,0.13100823881479293,0.11382864743045035,0.12055270255292425,0.12897624413492445,0.11028189308013447,0.07182177559389663,0.0576347581926331,27067.0
13089,"DeKalb County, Georgia",0.1325006943729063,0.11803165818857995,0.14627600964428547,0.15611328514667894,0.13215252992975424,0.12436120952588348,0.09983191611714497,0.05126884423748727,0.03946385283727941,766879.0
13091,"Dodge County, Georgia",0.10242677030998197,0.11228552469428382,0.12825860271115747,0.1204853540619964,0.13565266849938382,0.13911271210541284,0.12176509621765096,0.07868044364394729,0.061332827756185426,21098.0
13093,"Dooly County, Georgia",0.08277340957827019,0.10521801286633307,0.12387419585418155,0.1222301644031451,0.13145103645461045,0.1409578270192995,0.1396711937097927,0.09006433166547534,0.06375982844889208,13990.0
13095,"Dougherty County, Georgia",0.12787107462911365,0.1520983722956763,0.15777866233472831,0.1148752595397674,0.10582767635256528,0.11324002452852515,0.1116693382677267,0.0624939485546459,0.054145643497251296,92953.0
13097,"Douglas County, Georgia",0.13064555719194895,0.15229367806687394,0.1329160530191458,0.1254363715703922,0.14514127529591447,0.13659793814432988,0.09525855015545737,0.052412316587574316,0.029298259968363063,146664.0
13099,"Early County, Georgia",0.1285523555216479,0.1375166889185581,0.11520122067518596,0.1035666603089834,0.11472439443066948,0.1297921037573908,0.11338928094602327,0.08811748998664888,0.06913980545489222,10486.0
13101,"Echols County, Georgia",0.14236453201970442,0.1396551724137931,0.1253694581280788,0.13866995073891625,0.13399014778325122,0.12315270935960593,0.1,0.047783251231527095,0.04901477832512315,4060.0
13103,"Effingham County, Georgia",0.14060708370493055,0.14516180405147153,0.12436297617530895,0.14388775640208945,0.1357179258504268,0.13023952095808386,0.096907249331125,0.0524748375589247,0.030640845967639187,62792.0
13105,"Elbert County, Georgia",0.11814561421423465,0.11237618707239866,0.11676707852547738,0.1103849688553048,0.10890431941182477,0.1377003982436434,0.13055243541305014,0.0914428673542326,0.07372613090983356,19586.0
13107,"Emanuel County, Georgia",0.1331476807936646,0.1369767644243321,0.13044991732660344,0.12997128187277002,0.1119571838830389,0.1218344791576016,0.11417631189626665,0.07027238708554523,0.05121399356017753,22982.0
13109,"Evans County, Georgia",0.14061783848198736,0.14446787056558805,0.11669263910532587,0.12090934091117428,0.11650930424420206,0.12595104959207992,0.1069758914657622,0.07305894215785133,0.05481712347602897,10909.0
13111,"Fannin County, Georgia",0.08177867685622238,0.09601408556229864,0.0882220723758148,0.08709822432007193,0.10020978497040534,0.13950700531954746,0.1895182438001049,0.13126545291076647,0.08638645388476811,26694.0
13113,"Fayette County, Georgia",0.10213090065606123,0.14998528622617666,0.10379269158199034,0.09715418303934636,0.12739531582682753,0.15176824940712147,0.13080544928941126,0.08212016825633127,0.054847755716733886,115538.0
13115,"Floyd County, Georgia",0.12134415064102565,0.13885216346153847,0.1322716346153846,0.1201923076923077,0.11875,0.12498998397435895,0.11227964743589744,0.07258613782051282,0.058733974358974365,99840.0
13117,"Forsyth County, Georgia",0.13472916091348044,0.16100553142704124,0.08943589486104486,0.13150319249533468,0.17149097481987294,0.1372982200687872,0.08460321843697438,0.05695026736625411,0.03298353961121014,238998.0
13119,"Franklin County, Georgia",0.11664041547826827,0.1264739687539909,0.12919841641479715,0.10893533693755053,0.11310714741816015,0.13294453194840578,0.12434549401898601,0.0855221148524967,0.06283257417734453,23491.0
13121,"Fulton County, Georgia",0.11690795839948892,0.12830394302947173,0.15893029941469922,0.15283866179385766,0.13817983671705453,0.12541032121081164,0.09114814780018976,0.04949126746272583,0.03878956417170076,1064410.0
13123,"Gilmer County, Georgia",0.10153542931620944,0.10490510856089263,0.0960040690466351,0.09632196331500142,0.1158406713926948,0.13955558381282385,0.16559112439202722,0.11399688463617,0.06624916552754552,31457.0
13125,"Glascock County, Georgia",0.1039298473530367,0.1325105553751218,0.1130237089964274,0.10133160116921078,0.13933095160766482,0.13965573238064308,0.12016888600194868,0.07794738551477752,0.07210133160116923,3079.0
13127,"Glynn County, Georgia",0.11364132746312923,0.12237766257055165,0.1172852988171462,0.1138712310185877,0.11460692239605486,0.13160829032220986,0.13172324209993908,0.09207637396112332,0.06280965135125814,86993.0
13129,"Gordon County, Georgia",0.12399589813707057,0.14100153819859856,0.12295334130917793,0.12332934541104085,0.13510511023756622,0.13585711844129209,0.10558878824132628,0.0672534609468467,0.044915399077080836,58510.0
13131,"Grady County, Georgia",0.12884165443946544,0.1360590078121902,0.10857754689296904,0.11595352341674267,0.11476384978387595,0.13439346472617678,0.12166395685450293,0.08046159336955229,0.059285402704524724,25217.0
13133,"Greene County, Georgia",0.10204870506378044,0.09481473300568778,0.0881881937158319,0.10088906068805566,0.09569827157766857,0.12606990998950798,0.17367055055497266,0.14594952785907558,0.0726710475454194,18109.0
13135,"Gwinnett County, Georgia",0.13772977224203853,0.15463156297485195,0.13086839535037795,0.13612689646918524,0.14735343838224954,0.1340196491198075,0.08908569828748752,0.04331932063713243,0.02686526653686935,935818.0
13137,"Habersham County, Georgia",0.11669480154092543,0.1322339090161451,0.1291390728476821,0.11872916937194306,0.12245162965848592,0.12394494221529673,0.1161537462667186,0.08282474137557892,0.05782798770722417,46206.0
13139,"Hall County, Georgia",0.1309951147759762,0.14395094319405005,0.13081977273723536,0.123085240583889,0.12863286786516198,0.12547184055563942,0.10122106247534253,0.0681885706214414,0.047634587191264066,205313.0
13141,"Hancock County, Georgia",0.07694098475148411,0.0893958794086835,0.13525782795949248,0.11546967756954953,0.10895122802933302,0.1418926783843557,0.1517867535793272,0.09963915725759516,0.08066581306017925,8591.0
13143,"Haralson County, Georgia",0.12497499166388795,0.13234411470490162,0.1215405135045015,0.12034011337112373,0.13161053684561522,0.13571190396798932,0.10960320106702234,0.07389129709903301,0.04998332777592531,29990.0
13145,"Harris County, Georgia",0.103654883163571,0.12947587662986104,0.10354075722559844,0.10682187794230934,0.1320437102342435,0.1510456789066735,0.13894832948158292,0.08476704042911352,0.0497018459870467,35049.0
13147,"Hart County, Georgia",0.10685106064013193,0.1179072033580691,0.11292256952252455,0.10493965969567498,0.1154711041151338,0.13698373435274716,0.13402293681133348,0.10010493965969568,0.0707967918446893,26682.0
13149,"Heard County, Georgia",0.1158112582781457,0.13021523178807948,0.12450331125827815,0.1086092715231788,0.1240066225165563,0.1427980132450331,0.12491721854304635,0.07822847682119205,0.05091059602649007,12080.0
13151,"Henry County, Georgia",0.12308116159137675,0.15832407813966304,0.12890547649180809,0.12329639865347695,0.14728672159516493,0.14106206575922722,0.0956384361736016,0.0528450034868404,0.029560658108841082,232302.0
13153,"Houston County, Georgia",0.1363405304426286,0.1393968661439337,0.13566063871697442,0.14322205136677302,0.12166884825070848,0.1316321213892666,0.09683691494363887,0.05532539490907242,0.039916633837003904,157378.0
13155,"Irwin County, Georgia",0.10417098983191532,0.12637476654907656,0.1372691429757211,0.12533720688939615,0.1281386179705333,0.12253579580825898,0.1038597219340112,0.08113716538700975,0.07117659265407761,9638.0
13157,"Jackson County, Georgia",0.13506610155219356,0.1370028349285654,0.11804249585988155,0.13513627305133746,0.13614674263900975,0.1294944845201673,0.10078030707048026,0.07004519044544867,0.03828556993291605,71254.0
13159,"Jasper County, Georgia",0.1228193091851748,0.13255797659917326,0.10726546626497582,0.11385132768163665,0.11966650318783716,0.14467876410004904,0.13003573180130315,0.07664821691305261,0.05247670426679745,14273.0
13161,"Jeff Davis County, Georgia",0.14029320886200775,0.14759055946354613,0.1179409637762146,0.11840115705739268,0.12490960489119715,0.1254355400696864,0.10814542107685228,0.07573466570245217,0.04154887910065085,15211.0
13163,"Jefferson County, Georgia",0.12517491413306195,0.12854598651571048,0.12282152397913752,0.11398040961709704,0.11054573209515328,0.13465207988805494,0.12530212441165245,0.081796209133698,0.05718102022643429,15722.0
13165,"Jenkins County, Georgia",0.10647205250056574,0.11744738628649015,0.15252319529305272,0.12740439013351434,0.12434940031681375,0.1286490156143924,0.11360036207286715,0.07535641547861507,0.054197782303688616,8838.0
13167,"Johnson County, Georgia",0.09465434083601286,0.10771704180064308,0.12168408360128614,0.13052652733118972,0.13655546623794212,0.13715836012861735,0.1197749196141479,0.08269694533762058,0.06923231511254019,9952.0
13169,"Jones County, Georgia",0.11095061218874673,0.14049387811253267,0.1123607098638052,0.11507772733525932,0.1284564589352043,0.1392557435685789,0.1239510249002614,0.07758976475443664,0.05186408034117485,29076.0
13171,"Lamar County, Georgia",0.11196192052980132,0.1482305463576159,0.14466059602649006,0.10994412251655628,0.11118584437086093,0.126966059602649,0.11946399006622516,0.07408940397350994,0.05349751655629139,19328.0
13173,"Lanier County, Georgia",0.13377926421404682,0.12527472527472527,0.13291925465838508,0.1433349259436216,0.11877687529861446,0.1369326325848065,0.10434782608695653,0.06364070711896799,0.040993788819875775,10465.0
13175,"Laurens County, Georgia",0.13179224216359275,0.1316268298734596,0.12079232486973783,0.11537507236787692,0.11719460755934165,0.1283392606070631,0.1145686874534778,0.07637912496898519,0.06393185013646514,48364.0
13177,"Lee County, Georgia",0.1328010645375915,0.14956753160345976,0.11526946107784433,0.14224883566200933,0.14364604125083166,0.12322022621423817,0.10622089155023287,0.05568862275449102,0.0313373253493014,30060.0
13179,"Liberty County, Georgia",0.1815772891050395,0.12360440128613208,0.22636570745342616,0.1410382769708035,0.09130568257097156,0.0943917532436057,0.07644083954048246,0.043673555121099994,0.02160249470843903,61891.0
13181,"Lincoln County, Georgia",0.10109862979879028,0.10591285026539933,0.1073941488705098,0.09850635723984694,0.10344401925688186,0.14652512035551166,0.158869275398099,0.1078879150722133,0.0703616837427478,8101.0
13183,"Long County, Georgia",0.14855506378547256,0.1427232491538662,0.13855766727414734,0.16131215829211146,0.1334548294714918,0.11674043217912003,0.09070554543087736,0.03795886487893778,0.029992189533975526,19205.0
13185,"Lowndes County, Georgia",0.13499932092896916,0.14489678120331387,0.2066328262936303,0.1256875594187152,0.10282833084340623,0.10329519217710173,0.08763411652858889,0.05379940241749287,0.04022647018878175,117808.0
13187,"Lumpkin County, Georgia",0.09208048073186044,0.14430924691321115,0.1829651110646058,0.0998535083261084,0.10463690992256867,0.12227570330951598,0.12409937516816645,0.08266315883882926,0.04711650572513378,33449.0
13189,"McDuffie County, Georgia",0.13546527587153445,0.13789001738493914,0.11716533992131027,0.11034861377985176,0.11194985817549638,0.13267453563912526,0.12242657150699973,0.0812974654588709,0.050782322261872084,21858.0
13191,"McIntosh County, Georgia",0.07975793839668185,0.09532875501461888,0.10274019174542737,0.0912490650710546,0.11035561297341402,0.14816073978377645,0.169307132657918,0.12361460528999794,0.0794859590671109,14707.0
13193,"Macon County, Georgia",0.10087752193804846,0.10800270006750168,0.14797869946748668,0.13260331508287707,0.11580289507237683,0.1394284857121428,0.13110327758193954,0.07875196879921999,0.04545113627840696,13333.0
13195,"Madison County, Georgia",0.12146488983416967,0.1263500714499352,0.12000265860223988,0.11644677810641055,0.12595128111395434,0.13977601276129076,0.12362500415406599,0.07879432388421788,0.047588980093715726,30091.0
13197,"Marion County, Georgia",0.10424528301886793,0.1258254716981132,0.10518867924528302,0.09988207547169813,0.1168632075471698,0.15825471698113208,0.13950471698113207,0.09658018867924527,0.053655660377358486,8480.0
13199,"Meriwether County, Georgia",0.11397280616269895,0.11842776927003572,0.11601466425356165,0.1103067427722864,0.10761520256160377,0.1401921202840039,0.13564434544526427,0.09025940878927097,0.0675669404612743,21549.0
13201,"Miller County, Georgia",0.11738686628104796,0.12146988771691053,0.10649880911874787,0.1027560394692072,0.1092208234093229,0.13082681184076214,0.12368152432800272,0.09135760462742427,0.09680163320857436,5878.0
13205,"Mitchell County, Georgia",0.12082171160402,0.1265329614379953,0.13131447292690485,0.12436357196617524,0.12821534511001906,0.12901226369150395,0.11258688626200912,0.07362642227830167,0.05352636472307079,22587.0
13207,"Monroe County, Georgia",0.10453494575849193,0.11894006757958385,0.11837097634714565,0.11250222301262673,0.1250577983282945,0.14085008002845456,0.1353014405121821,0.08187800106704607,0.06256446736617463,28115.0
13209,"Montgomery County, Georgia",0.10853212980872556,0.13088330109606705,0.1503331184182248,0.11347517730496455,0.122501611863314,0.1319578766387277,0.1182033096926714,0.07790672684289705,0.04620674833440791,9306.0
13211,"Morgan County, Georgia",0.11468247776564207,0.13158579081499974,0.10256410256410256,0.10677692827794248,0.12113174182139698,0.1396473708846934,0.12924533208508868,0.09065376813855516,0.06371248764757892,19227.0
13213,"Murray County, Georgia",0.12754950495049505,0.1407178217821782,0.12717821782178218,0.11794554455445545,0.1305940594059406,0.1402970297029703,0.10497524752475247,0.07076732673267326,0.03997524752475248,40400.0
13215,"Muscogee County, Georgia",0.140006789313418,0.1304308174029356,0.15400594824921848,0.14222598280378376,0.11377673292158345,0.1162087257877377,0.09848051112383403,0.056776900121092974,0.04808759227639599,197369.0
13217,"Newton County, Georgia",0.13124453222940735,0.1555778024297194,0.12959405467319646,0.12154910396204804,0.1374225493113991,0.13232681259413584,0.09650333252162306,0.05850627271661391,0.037275539561856835,110877.0
13219,"Oconee County, Georgia",0.127357544141252,0.16151685393258428,0.09312299357945424,0.11371388443017655,0.1464185393258427,0.13252407704654895,0.1119081059390048,0.0675411316211878,0.04589686998394864,39872.0
13221,"Oglethorpe County, Georgia",0.10825078206465068,0.11750521376433785,0.11685349322210635,0.11685349322210635,0.12311001042752867,0.144225755995829,0.12636861313868614,0.08706986444212722,0.05976277372262774,15344.0
13223,"Paulding County, Georgia",0.13241749603956804,0.15135501191152814,0.12843287823636826,0.13580956066414324,0.15224384167946498,0.1362086270905639,0.08829647007606448,0.048583314186206816,0.02665280011609205,165386.0
13225,"Peach County, Georgia",0.11242689002816088,0.1440898259802152,0.15419885912340242,0.11296844537511735,0.1053505668279298,0.13477507401256408,0.11755361397934867,0.0713047873492671,0.04733193732399451,27698.0
13227,"Pickens County, Georgia",0.10157042318448632,0.11690586680598665,0.10753249946218384,0.1043363348597068,0.11878054027474726,0.14376594240757246,0.14868311871907558,0.10221580257537108,0.05620947171087003,32539.0
13229,"Pierce County, Georgia",0.12892906108769614,0.13735845224191334,0.11562484131417256,0.11836693241253238,0.12918295841161834,0.12882750215812724,0.11242573503275276,0.08068856954247702,0.0485959477987102,19693.0
13231,"Pike County, Georgia",0.11150470550914666,0.14349159352860316,0.11340805752352755,0.11626308554509887,0.14095379084276194,0.14222269218568254,0.11028867505551444,0.07433647033943111,0.047530929470233685,18914.0
13233,"Polk County, Georgia",0.1338002040627029,0.13927279473147205,0.12726092199239405,0.12893052592523885,0.11715054262127818,0.1277942676931639,0.10648362860588073,0.07151470179018644,0.04779241257768296,43124.0
13235,"Pulaski County, Georgia",0.08836758091542464,0.1076814533909516,0.11570685245612487,0.11535408766205132,0.12602522268277627,0.13466796013757826,0.13396243054943116,0.10089073110503573,0.07734368110062616,11339.0
13237,"Putnam County, Georgia",0.1035738368172623,0.11121600359631377,0.09930321420543944,0.10492245448415374,0.10532703978422116,0.1406158687345471,0.1594965160710272,0.11000224769611147,0.0655428186109238,22245.0
13239,"Quitman County, Georgia",0.09094772630684234,0.10072248193795157,0.07352316192095197,0.08032299192520187,0.09222269443263917,0.12919677008074798,0.18954526136846575,0.14152146196345092,0.1019974500637484,2353.0
13241,"Rabun County, Georgia",0.08329001328481488,0.10050251256281408,0.09975163172182752,0.09276266389418356,0.11257436608329,0.13481199098942992,0.1623057817824756,0.13140414717264484,0.0825968925085196,17313.0
13243,"Randolph County, Georgia",0.10931344963421497,0.11620709060213845,0.1118458075407991,0.09876195835678107,0.08708497467642093,0.1298536859876196,0.14603263927968485,0.10016882386043896,0.10073157006190207,7108.0
13245,"Richmond County, Georgia",0.128518983814752,0.12839677566004626,0.17063680225254071,0.1347369347261804,0.10464928703762544,0.11990575307109093,0.10885813588569138,0.059305173315604996,0.044992154236467886,204569.0
13247,"Rockdale County, Georgia",0.12255563782065243,0.14809895039414658,0.12480945951831368,0.1132463742868342,0.12816297199599322,0.14319933800792647,0.11555463612212012,0.06316144767213971,0.04121118418187361,91844.0
13249,"Schley County, Georgia",0.11194590533433507,0.1590909090909091,0.101427498121713,0.10199098422238917,0.14894815927873778,0.1380540946656649,0.10217881292261458,0.08527422990232908,0.05108940646130729,5324.0
13251,"Screven County, Georgia",0.11640360766629085,0.10900507328072154,0.12838218714768884,0.10999154453213078,0.11506482525366404,0.14310879368658402,0.14099492671927846,0.08074971815107103,0.05629932356257046,14192.0
13253,"Seminole County, Georgia",0.1070761326482952,0.1158337225595516,0.10859411489957964,0.09750116767865484,0.10684259691732836,0.13591779542269966,0.14117234936945353,0.10439047174217657,0.08267164876226063,8564.0
13255,"Spalding County, Georgia",0.12592515530719614,0.12686145706387658,0.13014594417858094,0.12069375501590228,0.1147787058229052,0.12518205867491008,0.11957911006747315,0.08157714829236394,0.0552566655767916,67286.0
13257,"Stephens County, Georgia",0.11729374433363556,0.13176186158960412,0.13353732245391356,0.10327893623451194,0.11026745240253852,0.12911755817467513,0.1296086430945905,0.09043517679057116,0.054699304925959515,26472.0
13259,"Stewart County, Georgia",0.06799937037620023,0.07177711317487799,0.2364237368172517,0.18133165433653392,0.10294349126396976,0.11081378876121516,0.10073980796474108,0.06264756807807335,0.06532346922713679,6353.0
13261,"Sumter County, Georgia",0.12149748876552999,0.14079434311393074,0.16359370869680148,0.1070578905630452,0.10547184773988898,0.1228852762357917,0.11132038065027756,0.07342056568860693,0.05395849854612742,30264.0
13263,"Talbot County, Georgia",0.08179831408054948,0.09631595379331877,0.10287230721198876,0.09381829534811116,0.1052138620043709,0.16703090852325944,0.17795816422104274,0.10864814236653138,0.06634405245082735,6406.0
13265,"Taliaferro County, Georgia",0.0936195587358378,0.08228980322003578,0.10137149672033392,0.09779367918902802,0.1067382230172928,0.15086463923673227,0.15146094215861658,0.1073345259391771,0.10852713178294572,1677.0
13267,"Tattnall County, Georgia",0.10909797822706063,0.11275272161741835,0.1540824261275272,0.14836702954898912,0.13635303265940898,0.12846034214618973,0.10419906687402801,0.0635303265940902,0.04315707620528771,25720.0
13269,"Taylor County, Georgia",0.1033475349969568,0.11503347534996955,0.1206329884357882,0.09653073645769933,0.12805842970176504,0.14327449786975047,0.13730979914790015,0.09190505173463176,0.06390748630553865,8215.0
13271,"Telfair County, Georgia",0.07807899901864572,0.09592737978410204,0.1264106967615309,0.15830471050049064,0.14284838076545633,0.13076545632973505,0.11911187438665358,0.0753189401373896,0.07323356231599608,16304.0
13273,"Terrell County, Georgia",0.12070534698521045,0.12707622298065985,0.12571103526734925,0.1100113765642776,0.09635949943117178,0.13594994311717862,0.13026166097838454,0.08680318543799773,0.0671217292377702,8790.0
13275,"Thomas County, Georgia",0.12644210619195728,0.1285156508503739,0.11508172854212165,0.11724350914344958,0.11528025941367215,0.1341848101824278,0.12158912933183333,0.08102265457834247,0.06064015176582181,45333.0
13277,"Tift County, Georgia",0.1353644053418648,0.1453985797038222,0.1373276133692043,0.12736615041566687,0.11527181948181005,0.11815603868246928,0.10317748854795318,0.06742771274146248,0.05051019171574687,41259.0
13279,"Toombs County, Georgia",0.13971152090560526,0.1444951615848092,0.12032134380135112,0.12163593207960564,0.11491692532408253,0.12101515428154097,0.10984115391637758,0.07230235530399852,0.05576045280262917,27385.0
13281,"Towns County, Georgia",0.06539553752535497,0.12373225152129814,0.10182555780933064,0.06531440162271805,0.08227180527383368,0.11294117647058825,0.16973630831643002,0.15740365111561866,0.1213793103448276,12325.0
13283,"Treutlen County, Georgia",0.119310839913855,0.1254845656855707,0.13352476669059585,0.12519741564967696,0.10940416367552046,0.11773151471643932,0.12562814070351758,0.07480258435032304,0.06891600861450108,6965.0
13285,"Troup County, Georgia",0.12702107669223542,0.13728597271108245,0.1391790887801321,0.12697900744625654,0.11876148139838172,0.12746981531601015,0.10772531586992187,0.06355260759209659,0.05202563419388313,71311.0
13287,"Turner County, Georgia",0.1296250616674889,0.1296250616674889,0.12826837691169216,0.1142081894425259,0.10458806117414897,0.1203749383325111,0.11248149975333004,0.08830784410458806,0.07252096694622595,8108.0
13289,"Twiggs County, Georgia",0.1020310058887153,0.1037134959740416,0.103593318110804,0.10575651964908064,0.1064775868285062,0.15623122220886912,0.1550294435764932,0.10852061050354524,0.058646797259944726,8321.0
13291,"Union County, Georgia",0.07434884283525522,0.09555680993468267,0.0830981372469962,0.07959035561648255,0.09063785178614628,0.13760987017176035,0.18583178775905168,0.15139908071929686,0.1019272639303282,24802.0
13293,"Upson County, Georgia",0.12186272676267065,0.11823452403216755,0.12418178417804375,0.10645221619599776,0.12055358144754068,0.1400785487189078,0.12627641668225173,0.08172807181597158,0.06063213016644847,26735.0
13295,"Walker County, Georgia",0.11217234276685197,0.12179396743884202,0.1152055528907198,0.11747693349510455,0.12849524561948025,0.1333483818176688,0.12481306960864536,0.08351908806184928,0.06317541830083802,70882.0
13297,"Walton County, Georgia",0.12382577193647586,0.1437718522262943,0.1209612873330806,0.11898142297485152,0.1311660137326762,0.13651585997725266,0.10656514596234046,0.07105396183495513,0.04715868402207338,94956.0
13299,"Ware County, Georgia",0.13257233582436834,0.12416851441241684,0.13150474939092827,0.12170485341217048,0.1144233664558868,0.1224439517122444,0.1152172127781884,0.07150091702937231,0.0664640989844242,36531.0
13301,"Warren County, Georgia",0.10175763182238667,0.11119333950046252,0.11359851988899168,0.09491211840888067,0.10638297872340426,0.14301572617946345,0.14634597594819612,0.10027752081406104,0.08251618871415356,5405.0
13303,"Washington County, Georgia",0.11433373349339734,0.1178391356542617,0.1316686674669868,0.1226890756302521,0.11438175270108045,0.14376950780312125,0.11961584633853542,0.07279711884753902,0.06290516206482594,20825.0
13305,"Wayne County, Georgia",0.1289182493806771,0.13192402972749795,0.12310487200660612,0.12938067712634185,0.12647398843930635,0.12914946325350948,0.1109496284062758,0.07180842279108175,0.04829066886870355,30275.0
13307,"Webster County, Georgia",0.08801775147928995,0.12167159763313608,0.10539940828402368,0.08321005917159763,0.11427514792899407,0.15014792899408286,0.14349112426035504,0.09800295857988166,0.09578402366863906,2704.0
13309,"Wheeler County, Georgia",0.08814362298965216,0.09899015085400822,0.1689315546689939,0.15222540830320408,0.15534222665503056,0.12454806133898515,0.09574865976810873,0.06532851265428251,0.0507418027677347,8021.0
13311,"White County, Georgia",0.09766058942690976,0.1226883617591322,0.1153695353852186,0.09507939619682416,0.11546755538129777,0.1374240345030386,0.13958047441678104,0.10857348232372738,0.0681565706070705,30606.0
13313,"Whitfield County, Georgia",0.13333585612518092,0.14701569491878186,0.13424406119031626,0.12568233635753007,0.1275365883655147,0.1256255735409591,0.09646840676234354,0.062089060859199824,0.048002421880173694,105703.0
13315,"Wilcox County, Georgia",0.1034826974267968,0.10215173025732033,0.13930789707187222,0.14119343389529726,0.13398402839396628,0.12289263531499554,0.10925022182786158,0.07974711623779948,0.0679902395740905,9016.0
13317,"Wilkes County, Georgia",0.10892839603182397,0.11796483646007268,0.10401728710342796,0.0970435124251056,0.10441017581769964,0.13819860524506433,0.1351537177094588,0.10431195363913172,0.0899715155682153,10181.0
13319,"Wilkinson County, Georgia",0.1171434763762462,0.12732986562635454,0.10674035543996532,0.11248374512353708,0.10370611183355008,0.14380147377546598,0.13491547464239273,0.08593411356740356,0.06794538361508452,9228.0
13321,"Worth County, Georgia",0.11779788108944897,0.12249044555173914,0.11818489671520488,0.11044458420008707,0.11450824827052393,0.1426636350442649,0.12887620337671132,0.08833631657878188,0.056697789173237874,20671.0
